9370706
8822443
9674809
9674803
9674800
9370706
8822443
9674833
9674831
9674830
9674828
9674823
9674821
9674822
9674819
8889544
9370706
8822443
9677066
9570550
9677055
9677049
9677046
9677047
8889544
9370706
8822443
9541550
9402436
9677865
8889544
9370706
8822443
9677175
9677904
9677981
9677982
9677980
9677979
9590828
8889544
9370706
8822443
9677175
9677904
8889544
9370706
8822443
9677175
9677904
8889544
9370706
8822443
9468178
9468177
9468172
9373486
9678058
9678059
9678056
9678057
9678055
9678049
9678052
9678047
9678048
8889544
9370706
8822443
9678101
9678102
9678099
8889544
9370706
8822443
9678152
9678149
9678150
9678147
9678145
9678146
9678144
9678142
9678141
9678140
9678138
9678134
9678133
9678132
9678121
8889544
9370706
8822443
9678152
9678149
9678150
9678147
9678145
9678146
9678144
9678142
9678141
9678140
9678138
9678134
9678133
9678132
9678121
8889544
9370706
8822443
9678152
9678149
9678150
9678147
9678145
9678146
9678144
9678142
9678141
9678140
9678138
9678134
9678133
9678132
9678121
8889544
9370706
8822443
9678211
9678210
9678209
9678206
9500642
9500643
9497727
8889544
9370706
8822443
9678260
9678257
9678253
9678252
9678250
9678249
9678246
9678247
9678248
9678245
8889544
9370706
8822443
9678263
9678267
9678266
9678265
8889544
9370706
8822443
9465209
9465209
9465209
9465209
9465209
9465209
9465209
9465209
9465209
9465209
9465209
9465209
9465209
9465209
9465209
9465209
9465209
8889544
9370706
8822443
9465209
9678280
9678278
9678277
9678275
9678274
9678270
9678269
9020350
9020352
9678267
9678266
9678264
9678265
9678260
9678259
9678257
9678259
9678257
9678258
9678253
9678252
9678249
9678250
9678246
9678247
9678248
9678245
9678242
9678239
9678238
9678235
9678229
9678228
9678226
9678225
9678224
9678249
9678250
9678246
9678247
9678248
9678245
9678242
9678239
9678238
9678235
9678229
9678228
9678226
9678225
9678224
8619407
9678222
9678218
9678215
9678216
9678217
9678214
9678210
9678211
9678209
9678206
9500642
9500643
9497727
9678204
9678201
9658976
9678191
9678185
9678186
9678183
9678184
9678181
9678178
9678179
9678179
9678178
9396229
9678174
9678173
9678172
9678170
9678169
9678166
9678160
9678159
9678156
9678157
9678155
9678154
9678153
9678152
9678149
9678150
9678147
9678145
9678146
9678144
9678142
9678141
9678140
9678138
9678134
9678133
9678132
9678121
9678123
9678125
9678127
9678115
9678116
9678114
9678113
9678110
9678108
9678108
9678106
9678105
9678102
9678099
9678098
9678096
9678091
9678090
9678085
9468178
9678084
9468177
9678082
9678081
9678077
9468172
9678074
9678066
9678067
9678074
9678066
9678067
9678064
9678063
9678060
9678059
9678058
9373486
9678057
9678056
9678055
9678049
9678052
9678048
9678047
9678045
9485314
9678044
9678042
9678042
9678038
9678037
9678033
9678032
9678034
9430406
9678029
9678024
9679945
9679898
9679891
9679859
9679681
9679453
9679407
8324592
9679230
9679004
9678956
9678928
9678925
9678633
9426575
9450505
9465173
9680489
9680354
9679945
9679898
9679891
9679859
9679681
9679453
9679407
8324592
9679230
9679004
9678956
9678928
9678925
9678633
9487616
9421318
9421476
9426575
9450505
9465173
9678338
9020350
9020352
9678235
9678132
9678034
9677853
9338844
9338534
9677456
9677445
9374074
9676966
9676891
9606891
9676538
9252343
9480632
9480632
9676138
9675858
9538594
9675663
9675654
9675633
9490663
9625187
9659141
8753314
8497066
9675397
9675219
9648594
9674818
9674736
9674551
9674381
9323232
9323232
9674021
9674010
9673954
9673843
9673803
9614214
9673672
9673649
9673410
9673411
9673207
9673206
9673012
9672931
9672889
9607081
9469235
9474969
9197609
9474969
9197609
9494885
9452907
9515139
9672626
9339356
9634091
9672552
9672459
9672457
9672445
9672167
9671977
9454040
9671692
9671641
9671606
9671569
9671386
9671265
9671232
9671232
9671232
9671232
9671232
9671232
9671232
9421432
9670312
9652778
9628443
9669873
9463450
9669454
9166994
9669437
9669349
9669311
9669062
9668887
9638446
9668787
9668597
9668594
9668517
9668399
9668134
9667992
9667972
9667966
9667967
9667970
9667965
9667968
9667969
9667928
9667904
9667900
9667901
9667902
9667903
9667869
9555856
9667724
9667660
9667563
9667500
9667166
9667033
9500875
9510843
9666808
9666786
9550587
9572274
9178176
9666394
9666278
9666218
9666160
9666142
9666099
9666084
9666045
9665796
9665529
9665510
9665513
9665514
9665516
9665521
9665523
9665524
9665525
9665533
9665536
9665507
9665539
9665543
9665539
9665543
9665506
9665512
9665528
9665509
9665518
9665522
9665538
9665538
9665538
9665538
9665456
9665460
9665461
9665475
9665493
9665494
9665495
9665497
9665499
9665505
9665454
9665458
9665459
9665463
9665466
9665469
9665473
9665476
9665481
9665496
9665503
9665462
9665478
9665479
9665480
9665486
9665489
9665500
9665501
9665461
9665401
9665404
9665405
9665425
9665429
9665434
9665440
9665443
9665444
9665446
9665399
9665406
9665407
9665409
9665437
9665449
9665451
9665398
9665412
9665413
9665416
9665421
9665423
9665424
9665435
9665411
9665433
9665448
9665346
9665354
9665355
9665356
9665357
9665382
9665391
9665393
9665369
9665373
9665387
9665373
9665391
9665393
9665397
9665351
9665352
9665353
9665355
9665357
9665360
9665378
9665297
9665300
9665329
9665330
9665331
9665305
9665307
9665314
9665290
9665291
9665295
9665301
9665305
9665307
9665311
9665312
9665324
9665332
9665333
9665335
9665337
9665340
9665341
9665297
9665300
9665313
9665319
9665329
9665330
9665331
9665339
9665322
9665278
9665282
9665279
9665283
9665223
9665225
9665226
9665227
9665229
9665230
9665231
9665232
9665234
9665235
9665236
9665237
9665238
9665239
9665241
9665244
9665245
9665246
9665250
9665251
9665254
9665260
9665262
9665263
9665266
9665267
9665268
9665271
9665273
9665172
9665173
9665176
9665178
9665179
9665182
9665183
9665185
9665188
9665189
9665191
9665192
9665193
9665194
9665198
9665201
9665202
9665204
9665208
9665209
9665210
9665212
9665216
9665218
9665219
9665221
9665222
9665180
9665181
9665177
9665178
9665116
9665120
9665124
9665145
9665151
9665153
9665154
9665155
9665156
9665157
9665163
9665164
9665165
9665170
9665129
9665134
9665135
9665137
9665139
9665142
9665143
9665146
9665150
9665161
9665152
9665169
9665082
9665064
9665066
9665112
9665060
9665061
9665068
9665069
9665071
9665077
9665078
9665079
9665087
9665088
9665089
9665090
9665095
9665096
9665098
9665102
9665108
9665057
9665015
9665021
9665036
9665039
9665011
9665012
9665015
9665023
9665040
9665041
9665043
9665006
9665007
9665021
9665026
9665049
9665014
9665016
9665031
9665036
9665039
9665051
9665008
9665013
9665026
9665040
9665046
9665047
9664966
9664985
9664986
9664992
9664941
9664975
9664994
9664950
9664951
9664953
9664954
9664957
9664958
9664967
9664968
9664972
9664957
9664958
9664973
9664985
9664945
9664961
9664966
9664967
9664968
9664972
9664978
9664939
9664940
9664941
9664938
9664876
9664877
9664878
9664879
9664880
9664880
9664883
9664884
9664889
9664899
9664888
9664893
9664902
9664907
9664908
9664929
9664930
9664931
9664933
9664934
9664935
9664936
9664885
9664886
9664905
9664906
9664909
9664910
9664925
9664926
9664897
9664901
9664904
9664911
9664917
9664918
9664922
9664822
9664825
9664826
9664828
9664832
9664853
9664829
9664830
9664836
9664848
9664852
9664853
9664862
9664864
9664865
9664866
9664871
9664872
9664873
9664812
9664813
9664815
9664819
9664822
9664825
9664826
9664828
9664829
9664832
9664833
9664850
9664855
9664857
9664858
9664861
9664770
9664774
9664775
9664777
9664782
9664783
9664784
9664785
9664790
9664808
9664810
9664811
9664776
9664787
9664788
9664789
9664796
9664805
9664779
9664793
9664800
9664802
9664803
9664804
9664807
9664809
9664755
9664756
9664761
9664764
9664765
9664766
9664767
9664769
9664742
9664743
9664744
9664749
9664752
9664535
9664447
9664336
9664267
9664129
9664054
9663824
9663657
9663256
9663252
9663221
9663195
9663155
9663144
9663155
9663144
9663120
9663121
9663111
9663105
9662919
9662718
9662720
9662657
9662296
9662284
9547744
9661927
9661708
9430869
9661351
9661327
9661120
9660783
9660727
9660665
9660590
9660563
9660334
9660221
9660217
9660130
9448705
9659956
9659914
9644005
9659674
9659496
9492524
9659312
9659170
9658745
9658609
9658178
9658084
9658043
9657931
9657907
9657872
9657860
9657635
9657454
9657448
9657446
9657380
9657196
9656785
9656680
9656620
9656450
9656363
9656159
9656062
9656000
9655976
9655952
9655814
9655094
9655064
9655051
9654507
9654293
9783174
9783100
9783030
9782329
9781901
9781919
9781928
9781905
9781908
9781911
9781941
9781818
9781820
9781805
9781812
9781807
9781815
9781827
9781764
9781745
9781726
9781750
9781640
9781654
9781630
9781648
9781651
9781640
9781528
9781517
9781483
9781446
9781451
9781376
9781356
9781368
9781329
9781259
9781229
9781233
9781214
9781220
9781127
9781170
9781151
9781122
9780479
9764245
9705937
9731566
9726173
9715733
9517055
9673209
9668061
9666522
9632797
8929753
9580490
9579856
9783100
9781945
9781900
9781904
9781926
9781907
9781916
9781939
9781910
9781839
9781888
9781819
9781824
9781826
9781806
9781811
9781813
9781814
9781803
9781804
9781735
9781743
9781725
9781743
9781744
9781642
9781647
9781653
9781628
9781650
9781639
9781558
9781571
9781547
9781549
9781552
9781527
9781516
9781473
9781489
9781445
9781464
9781450
9781460
9781430
9781432
9781401
9781433
9781396
9781374
9781354
9781366
9781316
9781318
9781328
9781252
9781253
9781258
9781279
9781250
9781261
9781238
9781239
9781249
9781228
9781231
9781232
9781219
9781224
9781213
9781136
9781137
9781144
9781147
9781148
9781133
9781140
9781149
9781150
9781169
9781124
9781125
9781114
9781121
9781124
9778317
9764111
9760653
9731454
9666808
9697198
9693594
9685940
9663121
9589072
9781944
9781947
9781918
9781920
9781922
9781927
9781929
9781913
